#! FIELDS time d1 d2 d3 d4 d5 d6 d7 d8 d9 d10 d11 d12 d13 d14 d15 d16 d17 d18 d19 d20 d21 d22 d23 d24 d25 d26 d27 d28 d29 d30 d31 d32 d33 d34 d35 d36 d37 d38 d39 d40 d41 d42 d43 d44 d45
 0.000000 0.151697 0.239084 0.243467 0.381851 0.469229 0.442530 0.411602 0.566062 0.681687 0.122951 0.133596 0.247818 0.361358 0.315831 0.315246 0.429728 0.554571 0.224680 0.284213 0.422877 0.328180 0.338232 0.416359 0.536004 0.144990 0.231888 0.245343 0.270710 0.363557 0.494911 0.153343 0.151924 0.239462 0.240121 0.380396 0.257311 0.340035 0.319327 0.444082 0.122788 0.133090 0.250340 0.226296 0.293804 0.145695
 500.000000 0.151727 0.242295 0.237194 0.378782 0.440237 0.478010 0.485763 0.597850 0.719556 0.123167 0.133267 0.250058 0.313745 0.374883 0.416803 0.480785 0.613330 0.226049 0.290825 0.340591 0.431686 0.498944 0.513469 0.650580 0.145138 0.234853 0.249305 0.286505 0.366074 0.495288 0.152882 0.152480 0.244978 0.239894 0.380821 0.252549 0.335173 0.311599 0.451085 0.122972 0.133450 0.249950 0.222933 0.285498 0.145582
 1000.000000 0.151727 0.242745 0.239975 0.379947 0.469156 0.455487 0.522105 0.492152 0.587998 0.123304 0.133555 0.249858 0.368991 0.312303 0.394199 0.342815 0.448259 0.224404 0.287216 0.431961 0.307566 0.405498 0.287071 0.377460 0.144707 0.238099 0.247111 0.317682 0.325098 0.448924 0.153216 0.152066 0.237466 0.248968 0.386240 0.253446 0.278562 0.374478 0.501137 0.123669 0.133525 0.248992 0.222969 0.283318 0.144714
 1500.000000 0.152033 0.237617 0.245008 0.385398 0.474053 0.470713 0.567297 0.477486 0.593311 0.122434 0.134056 0.252899 0.370500 0.325461 0.430822 0.328994 0.453107 0.225089 0.294506 0.437465 0.320476 0.434882 0.274188 0.381628 0.145647 0.239318 0.253263 0.342956 0.310152 0.445499 0.152755 0.151746 0.237987 0.244469 0.382667 0.253710 0.275118 0.375770 0.499336 0.122593 0.133154 0.245839 0.223716 0.279339 0.145750
 2000.000000 0.152895 0.235321 0.247796 0.381781 0.481176 0.452851 0.530089 0.462321 0.566443 0.122837 0.133274 0.240815 0.357895 0.322250 0.416232 0.336743 0.460410 0.225502 0.274512 0.406165 0.343573 0.457132 0.320919 0.444732 0.145072 0.238237 0.247154 0.321237 0.313257 0.442182 0.152489 0.151595 0.238983 0.242924 0.379606 0.254822 0.284735 0.373375 0.496902 0.123045 0.133420 0.243454 0.224404 0.276004 0.145000
 2500.000000 0.151825 0.229943 0.255165 0.388285 0.483898 0.462277 0.576720 0.436583 0.543389 0.123000 0.133589 0.244168 0.358327 0.324769 0.442336 0.319446 0.447253 0.222353 0.273190 0.410980 0.327307 0.449773 0.301988 0.423757 0.145155 0.233499 0.251819 0.352773 0.294696 0.431668 0.153088 0.152634 0.240294 0.249712 0.390775 0.258010 0.284164 0.378851 0.506771 0.122923 0.133690 0.254692 0.218579 0.285345 0.145743
 3000.000000 0.151984 0.239376 0.242225 0.378661 0.466953 0.472849 0.570159 0.460289 0.571119 0.122744 0.133334 0.242262 0.343124 0.349143 0.456673 0.348920 0.478650 0.224936 0.275987 0.372467 0.384545 0.502165 0.374568 0.506741 0.144738 0.243885 0.250733 0.341822 0.289242 0.421723 0.152843 0.151836 0.244869 0.235792 0.375256 0.257703 0.295320 0.373359 0.502552 0.123033 0.133574 0.245953 0.223824 0.279321 0.144931
 3500.000000 0.151403 0.233454 0.249078 0.385365 0.480889 0.457071 0.563419 0.438292 0.547369 0.123410 0.134056 0.246538 0.362658 0.323223 0.436932 0.313016 0.440179 0.225479 0.282278 0.412518 0.346117 0.467929 0.308469 0.429316 0.144464 0.241847 0.242194 0.338829 0.285846 0.422782 0.153199 0.152794 0.239773 0.242046 0.382378 0.262240 0.288979 0.380355 0.509732 0.122348 0.132868 0.247953 0.224831 0.285954 0.145606
 4000.000000 0.152715 0.237887 0.243582 0.379206 0.457985 0.480514 0.494029 0.592399 0.709198 0.122874 0.133694 0.242333 0.324678 0.363860 0.408268 0.467459 0.596351 0.226685 0.280166 0.339862 0.416658 0.488091 0.497672 0.634432 0.144392 0.239979 0.250140 0.284065 0.369881 0.495021 0.152450 0.152016 0.240578 0.251462 0.389575 0.253728 0.331522 0.333194 0.466881 0.123923 0.133409 0.250224 0.217764 0.276610 0.144478
 4500.000000 0.152263 0.240019 0.246424 0.384513 0.467078 0.469222 0.584466 0.450895 0.576730 0.123000 0.133465 0.251082 0.364233 0.326093 0.445223 0.312362 0.447250 0.221626 0.285564 0.425181 0.329803 0.451656 0.289671 0.414345 0.145124 0.236307 0.244937 0.350058 0.280875 0.421068 0.152709 0.151661 0.237878 0.246564 0.380632 0.253892 0.279231 0.372889 0.490213 0.122707 0.133420 0.240965 0.222355 0.268896 0.144530
 5000.000000 0.151819 0.242804 0.238200 0.378358 0.442066 0.474859 0.466855 0.599209 0.712749 0.123211 0.133828 0.247358 0.325523 0.365034 0.391575 0.478048 0.603803 0.226453 0.285161 0.359656 0.416443 0.470457 0.507036 0.640248 0.145231 0.232407 0.246601 0.268591 0.369551 0.491748 0.152450 0.152761 0.237008 0.248588 0.385710 0.251008 0.324546 0.320938 0.453035 0.122625 0.132981 0.246293 0.222245 0.279258 0.144444
 5500.000000 0.152082 0.240556 0.240672 0.379121 0.479644 0.456715 0.566012 0.434430 0.554090 0.123766 0.133679 0.245654 0.371151 0.316916 0.432886 0.300533 0.432575 0.227719 0.284630 0.429783 0.319396 0.441577 0.268235 0.387034 0.145183 0.246838 0.248463 0.347307 0.287343 0.427283 0.152980 0.152375 0.238336 0.245719 0.382279 0.256166 0.277883 0.378165 0.499590 0.122336 0.133402 0.244027 0.222670 0.275385 0.144779
 6000.000000 0.152270 0.239621 0.240094 0.379434 0.462083 0.466283 0.458467 0.589958 0.702590 0.122515 0.133360 0.247071 0.333978 0.359118 0.386908 0.470187 0.596460 0.226374 0.286485 0.364490 0.411794 0.462638 0.499197 0.631990 0.144945 0.243023 0.242233 0.271818 0.362995 0.486335 0.152673 0.151994 0.243282 0.240915 0.379327 0.255408 0.351387 0.306596 0.442455 0.122425 0.133978 0.244739 0.222715 0.274374 0.145647
 6500.000000 0.152007 0.239842 0.243267 0.383971 0.466565 0.476027 0.478270 0.586942 0.710306 0.122890 0.133780 0.251090 0.342475 0.364313 0.399472 0.463527 0.597155 0.224880 0.289872 0.371520 0.416948 0.479765 0.490030 0.628807 0.144945 0.246487 0.245204 0.273827 0.360008 0.490491 0.152542 0.152230 0.235784 0.243756 0.383531 0.250529 0.317214 0.323342 0.450876 0.122336 0.133600 0.250300 0.227181 0.293929 0.144419
 7000.000000 0.152164 0.238682 0.245620 0.385280 0.477770 0.476131 0.582272 0.468715 0.575683 0.122577 0.133270 0.250924 0.367404 0.338805 0.452682 0.334598 0.456939 0.222881 0.287642 0.419263 0.352412 0.475075 0.319094 0.437148 0.145568 0.249970 0.250004 0.347856 0.292447 0.422902 0.152476 0.152755 0.240354 0.244367 0.383085 0.257498 0.282611 0.378193 0.505770 0.123296 0.132578 0.248898 0.223224 0.285829 0.144779
 7500.000000 0.152319 0.235671 0.239802 0.378060 0.474187 0.464107 0.558213 0.469090 0.591685 0.123329 0.133432 0.246491 0.370338 0.323391 0.428734 0.324355 0.454913 0.231668 0.294798 0.439322 0.337861 0.455040 0.292175 0.407679 0.144755 0.244299 0.249884 0.337788 0.304962 0.444178 0.152598 0.152663 0.240522 0.243228 0.381762 0.248342 0.270815 0.370386 0.493192 0.122348 0.133139 0.246406 0.223345 0.281270 0.144838
 8000.000000 0.152604 0.234103 0.248665 0.387510 0.478653 0.466272 0.576489 0.436125 0.559076 0.122849 0.133664 0.249134 0.364303 0.328592 0.445460 0.305190 0.438153 0.225730 0.288083 0.426588 0.336555 0.458819 0.276639 0.389366 0.145417 0.238820 0.250274 0.353096 0.281757 0.425702 0.153105 0.151621 0.244906 0.235204 0.370780 0.257663 0.292571 0.373079 0.497342 0.122662 0.133289 0.240871 0.224646 0.275385 0.144641
 8500.000000 0.151793 0.235920 0.239810 0.377374 0.462224 0.467834 0.460440 0.594015 0.704195 0.123406 0.133139 0.243750 0.333026 0.357444 0.385142 0.472598 0.596612 0.230467 0.287911 0.365131 0.414078 0.466010 0.507744 0.639476 0.144824 0.243561 0.244397 0.271076 0.367765 0.488232 0.152971 0.152230 0.241276 0.245888 0.382445 0.255793 0.348606 0.307495 0.442791 0.123028 0.133645 0.243996 0.221587 0.271319 0.145276
 9000.000000 0.152191 0.232854 0.249588 0.385507 0.450282 0.489312 0.492383 0.611263 0.736506 0.123495 0.133552 0.245076 0.323756 0.365959 0.398129 0.476924 0.607491 0.226228 0.281796 0.360512 0.415227 0.471919 0.503987 0.633535 0.145141 0.236097 0.244855 0.273106 0.364566 0.494592 0.152348 0.151717 0.241390 0.238960 0.379053 0.242537 0.329055 0.287809 0.430408 0.122446 0.134008 0.251911 0.225661 0.295713 0.145509
 9500.000000 0.152450 0.242497 0.242167 0.382825 0.469648 0.452642 0.562236 0.439005 0.549106 0.122630 0.133364 0.249171 0.364151 0.319052 0.436310 0.308214 0.435125 0.222832 0.283150 0.423764 0.321767 0.444560 0.270655 0.390510 0.145774 0.235002 0.248685 0.350577 0.294764 0.429428 0.152925 0.151308 0.239904 0.242911 0.378071 0.256784 0.284179 0.377696 0.497214 0.122947 0.133319 0.240956 0.222930 0.270614 0.144755
 10000.000000 0.151990 0.239829 0.245856 0.385344 0.456055 0.483325 0.476745 0.608415 0.724862 0.123398 0.133552 0.250242 0.324717 0.372105 0.398471 0.487026 0.615479 0.223148 0.285710 0.343566 0.427229 0.481705 0.521023 0.660164 0.144958 0.236341 0.247326 0.269613 0.370802 0.492002 0.152085 0.152594 0.236224 0.248345 0.382522 0.244608 0.317002 0.310369 0.428496 0.122495 0.134276 0.244708 0.224457 0.278218 0.144153
 10500.000000 0.151938 0.237929 0.245738 0.383226 0.466783 0.464515 0.564895 0.468340 0.591793 0.122446 0.133903 0.246846 0.357129 0.325056 0.435087 0.329838 0.461859 0.223877 0.280870 0.412820 0.331092 0.452164 0.294659 0.410294 0.144904 0.234881 0.248703 0.341639 0.306589 0.449916 0.152486 0.152151 0.242083 0.245975 0.386514 0.266379 0.301636 0.385108 0.516284 0.122971 0.133634 0.254435 0.220518 0.289898 0.145331
 11000.000000 0.152502 0.235306 0.242330 0.384088 0.475905 0.455453 0.572359 0.439182 0.548323 0.123725 0.132699 0.251247 0.371361 0.317254 0.438208 0.306121 0.431950 0.229750 0.299835 0.443546 0.329603 0.452175 0.279575 0.395430 0.145794 0.241226 0.252446 0.358969 0.298029 0.433703 0.152886 0.151806 0.237493 0.249393 0.385360 0.250857 0.273432 0.374747 0.492120 0.123556 0.133154 0.246193 0.221011 0.277245 0.145124
 11500.000000 0.152033 0.234021 0.244135 0.379397 0.467069 0.478324 0.512332 0.571086 0.701453 0.122955 0.133109 0.242801 0.354227 0.347658 0.406480 0.428842 0.565107 0.228004 0.281947 0.403161 0.385837 0.471167 0.431992 0.570917 0.145417 0.246919 0.244737 0.287885 0.351922 0.482943 0.153431 0.152755 0.237903 0.242299 0.379165 0.241638 0.285974 0.328965 0.443316 0.122923 0.133420 0.245018 0.227093 0.283450 0.145227
 12000.000000 0.152935 0.241886 0.245418 0.386454 0.451684 0.485809 0.488968 0.597910 0.713844 0.123207 0.132623 0.251034 0.317545 0.373870 0.408936 0.477159 0.606216 0.221118 0.285331 0.324239 0.428592 0.490442 0.511782 0.650979 0.145482 0.239086 0.248052 0.278209 0.363018 0.486955 0.152319 0.151661 0.238464 0.245118 0.382683 0.252032 0.324657 0.331334 0.462460 0.123329 0.133019 0.245579 0.223343 0.278541 0.144917
 12500.000000 0.152801 0.236392 0.246848 0.385044 0.473056 0.476389 0.596031 0.449049 0.572386 0.122984 0.133229 0.247732 0.360791 0.338818 0.455312 0.328586 0.463105 0.225480 0.286451 0.419692 0.353640 0.460124 0.336562 0.458150 0.144489 0.238525 0.255049 0.366569 0.281146 0.424801 0.153222 0.152843 0.240861 0.242425 0.380884 0.255859 0.294365 0.367049 0.492575 0.122094 0.133270 0.244904 0.223575 0.278174 0.145393
 13000.000000 0.152843 0.237432 0.244978 0.382670 0.479727 0.454782 0.573625 0.422433 0.539761 0.122462 0.133195 0.245204 0.364227 0.322667 0.441791 0.306420 0.438975 0.225269 0.281748 0.419473 0.338297 0.455335 0.303750 0.422580 0.144866 0.242041 0.244420 0.350363 0.277226 0.419931 0.152990 0.151720 0.233696 0.244004 0.382275 0.254890 0.274784 0.374393 0.500302 0.123130 0.133690 0.246822 0.229090 0.289316 0.145183
 13500.000000 0.152624 0.241649 0.241033 0.380212 0.447948 0.484813 0.474730 0.611023 0.732905 0.122939 0.133128 0.246148 0.325357 0.366838 0.387312 0.482698 0.614239 0.224359 0.280772 0.342305 0.414075 0.461303 0.508538 0.648201 0.145582 0.243980 0.249642 0.267791 0.373189 0.498619 0.151868 0.152411 0.234917 0.248036 0.386115 0.257008 0.348778 0.307204 0.438736 0.122805 0.133690 0.249235 0.225544 0.288272 0.144979
 14000.000000 0.151658 0.236163 0.241707 0.382462 0.463419 0.470898 0.471423 0.567925 0.684580 0.123032 0.133933 0.251080 0.338043 0.365323 0.399830 0.456030 0.586997 0.229284 0.297227 0.372148 0.429572 0.489887 0.499334 0.637899 0.144731 0.246311 0.240572 0.269989 0.347961 0.475285 0.152584 0.152276 0.237952 0.246832 0.385688 0.246321 0.311328 0.341787 0.467791 0.123065 0.133709 0.248859 0.221980 0.283044 0.144972
 14500.000000 0.152437 0.239403 0.236747 0.376053 0.447827 0.482093 0.497978 0.589870 0.712766 0.122511 0.133888 0.246010 0.329742 0.371067 0.418976 0.464331 0.598008 0.229872 0.290114 0.358119 0.428749 0.501715 0.496349 0.638521 0.144586 0.245063 0.250050 0.288144 0.360690 0.486101 0.153431 0.151426 0.240911 0.240312 0.375706 0.243148 0.315003 0.317019 0.436772 0.123215 0.133761 0.240269 0.225880 0.272597 0.145386
 15000.000000 0.152466 0.234148 0.248678 0.382779 0.442748 0.495414 0.516955 0.587699 0.702118 0.122609 0.133368 0.243873 0.320041 0.368686 0.416718 0.450189 0.574510 0.224815 0.278864 0.341545 0.414813 0.489785 0.468851 0.600769 0.144931 0.245449 0.248214 0.284600 0.349458 0.469333 0.152296 0.151905 0.236749 0.240279 0.377335 0.252208 0.315094 0.337485 0.473039 0.122821 0.133075 0.243592 0.228044 0.283178 0.145595
 15500.000000 0.152561 0.235883 0.245571 0.382300 0.478804 0.443487 0.525586 0.454269 0.561689 0.122874 0.134187 0.245866 0.364228 0.317682 0.416600 0.333099 0.459797 0.226049 0.282641 0.424274 0.327216 0.442548 0.298739 0.418926 0.144298 0.237794 0.242021 0.321759 0.309898 0.443167 0.153029 0.152473 0.237068 0.249754 0.387372 0.254232 0.274352 0.378578 0.500731 0.122413 0.133240 0.247485 0.220817 0.277759 0.145196
 16000.000000 0.151941 0.238632 0.246437 0.385893 0.450540 0.484865 0.476871 0.609965 0.735069 0.123179 0.134078 0.251080 0.322062 0.372336 0.397598 0.485968 0.621022 0.224103 0.288288 0.338711 0.429058 0.481839 0.521425 0.664492 0.144243 0.240884 0.244771 0.267800 0.365965 0.495166 0.152529 0.152187 0.237607 0.243035 0.383005 0.250930 0.333527 0.302015 0.428570 0.122581 0.133338 0.250787 0.225568 0.291438 0.145344
 16500.000000 0.152420 0.235705 0.247485 0.385605 0.448390 0.492668 0.493025 0.609561 0.734970 0.123244 0.133211 0.247295 0.317789 0.372669 0.403388 0.477691 0.610944 0.224909 0.284313 0.335549 0.425275 0.482530 0.505409 0.643450 0.145155 0.234301 0.252735 0.280462 0.370121 0.500516 0.152607 0.152817 0.240169 0.242541 0.383111 0.253791 0.344253 0.313846 0.450778 0.123061 0.133540 0.250877 0.225311 0.291264 0.144451
 17000.000000 0.152266 0.236284 0.243430 0.380465 0.485851 0.449819 0.541826 0.441018 0.531340 0.123171 0.133225 0.243772 0.370689 0.312778 0.417738 0.306101 0.417846 0.227618 0.282407 0.425061 0.328513 0.447882 0.281285 0.392097 0.145066 0.248743 0.241257 0.327191 0.291721 0.412812 0.152122 0.151779 0.238977 0.240809 0.375444 0.251440 0.275062 0.371120 0.492639 0.123341 0.132831 0.241265 0.226268 0.277132 0.144972
 17500.000000 0.151993 0.239827 0.241270 0.376359 0.487743 0.443984 0.452771 0.535004 0.631792 0.122919 0.133420 0.239086 0.369547 0.310171 0.347727 0.392236 0.500778 0.225925 0.270985 0.417727 0.312824 0.374789 0.352806 0.451085 0.145303 0.248697 0.247372 0.280323 0.356990 0.479297 0.152791 0.151915 0.233508 0.245742 0.382739 0.248457 0.305134 0.333623 0.465057 0.122197 0.134086 0.246075 0.227656 0.286400 0.144589
 18000.000000 0.152033 0.239485 0.244223 0.383654 0.458917 0.473663 0.466598 0.599302 0.717255 0.122250 0.133638 0.249327 0.322020 0.366719 0.394890 0.480929 0.611629 0.223164 0.284403 0.331768 0.424865 0.480186 0.518311 0.658546 0.145585 0.242087 0.240425 0.267157 0.361765 0.486918 0.152489 0.152325 0.242870 0.240626 0.380045 0.252416 0.342679 0.299022 0.431705 0.123016 0.132959 0.246530 0.223323 0.280350 0.145138
 18500.000000 0.151954 0.240793 0.238939 0.380427 0.460676 0.457618 0.495241 0.527603 0.625340 0.122062 0.134082 0.252200 0.345587 0.354254 0.421163 0.415371 0.531114 0.225869 0.295225 0.383120 0.414095 0.502781 0.449860 0.569787 0.144641 0.238919 0.239579 0.295817 0.329528 0.452688 0.152869 0.152240 0.242497 0.236774 0.377403 0.253152 0.298647 0.352890 0.490070 0.122793 0.133075 0.250779 0.226656 0.295435 0.144676
 19000.000000 0.152555 0.233240 0.246953 0.385199 0.487977 0.454262 0.571508 0.428409 0.537221 0.123037 0.133098 0.247607 0.370164 0.322262 0.442324 0.310891 0.439756 0.226276 0.286575 0.430017 0.326510 0.447884 0.281427 0.399826 0.145760 0.244184 0.252496 0.358152 0.294995 0.432798 0.152348 0.152224 0.238849 0.247887 0.386275 0.253807 0.277681 0.377547 0.500961 0.122788 0.134149 0.249070 0.222434 0.281952 0.145245
 19500.000000 0.151980 0.233741 0.243937 0.381956 0.464712 0.473479 0.516638 0.539502 0.655795 0.122886 0.133346 0.246366 0.355465 0.338842 0.404239 0.393992 0.517406 0.228871 0.289477 0.417533 0.363485 0.449008 0.375624 0.489878 0.145000 0.236411 0.251533 0.307646 0.341674 0.473043 0.153085 0.152033 0.244297 0.236021 0.376942 0.255885 0.313831 0.349367 0.481741 0.123016 0.133162 0.247081 0.225497 0.284289 0.145592
 20000.000000 0.152738 0.240574 0.242219 0.380873 0.477339 0.451120 0.469998 0.545954 0.654745 0.122560 0.133338 0.245612 0.363205 0.326187 0.376057 0.409804 0.530579 0.224958 0.281062 0.415453 0.348857 0.424691 0.393744 0.511205 0.145444 0.241282 0.244387 0.286845 0.353830 0.481470 0.152463 0.151793 0.239144 0.243586 0.382982 0.250954 0.304849 0.338398 0.467022 0.123276 0.133465 0.247592 0.224686 0.282788 0.145812
 20500.000000 0.151661 0.240560 0.247202 0.382907 0.461137 0.474663 0.467377 0.591626 0.710806 0.122939 0.134179 0.244837 0.346660 0.341731 0.360069 0.449135 0.574152 0.220568 0.272024 0.394214 0.352984 0.389325 0.432391 0.552768 0.144696 0.234659 0.247241 0.271319 0.367072 0.495017 0.153147 0.151529 0.237645 0.243924 0.383298 0.258822 0.342539 0.323903 0.457171 0.123410 0.133768 0.249443 0.226257 0.289534 0.144451
 21000.000000 0.151878 0.238753 0.241017 0.380229 0.470976 0.447395 0.543650 0.435456 0.531090 0.123693 0.132883 0.246562 0.355928 0.331115 0.439441 0.331145 0.452254 0.226914 0.286155 0.410401 0.366291 0.486267 0.343117 0.463696 0.145172 0.239935 0.236497 0.327942 0.283162 0.412143 0.152427 0.151446 0.239460 0.242664 0.382540 0.253231 0.276769 0.375095 0.503068 0.122903 0.133604 0.250633 0.224422 0.288905 0.144765
 21500.000000 0.152778 0.242103 0.243380 0.382395 0.471276 0.457762 0.552578 0.463510 0.583901 0.122740 0.133428 0.247695 0.363846 0.321716 0.428897 0.326807 0.458882 0.222948 0.281844 0.420620 0.330161 0.450622 0.293602 0.417844 0.144382 0.236734 0.246848 0.336152 0.305738 0.444070 0.152135 0.152007 0.238680 0.245874 0.382735 0.255415 0.278138 0.377872 0.499300 0.123280 0.133694 0.244863 0.224263 0.277161 0.145320
 22000.000000 0.152164 0.240734 0.244820 0.383818 0.474984 0.461082 0.546589 0.483075 0.591447 0.123438 0.133555 0.249131 0.366871 0.320866 0.419921 0.336958 0.456152 0.223486 0.284705 0.425012 0.321163 0.432783 0.286814 0.394895 0.145152 0.242629 0.245206 0.330444 0.311403 0.440752 0.152859 0.151793 0.244598 0.238069 0.374995 0.262681 0.304693 0.370822 0.497402 0.122902 0.133184 0.240707 0.222982 0.269720 0.145141
 22500.000000 0.152761 0.242103 0.243469 0.382170 0.474120 0.470244 0.580764 0.461828 0.574362 0.122254 0.134614 0.248825 0.368600 0.329971 0.446710 0.325971 0.452074 0.223394 0.282906 0.423809 0.334546 0.457653 0.302749 0.422030 0.144101 0.240672 0.254460 0.354335 0.301111 0.436685 0.153016 0.152974 0.239403 0.249634 0.388764 0.254364 0.275111 0.378030 0.502845 0.123268 0.133004 0.251488 0.220184 0.284262 0.144727
 23000.000000 0.151796 0.240753 0.243608 0.381640 0.480293 0.438345 0.434551 0.548712 0.663185 0.122744 0.134317 0.248763 0.371035 0.308367 0.335936 0.408437 0.532297 0.223291 0.285498 0.426433 0.321400 0.371447 0.385467 0.505781 0.144603 0.241201 0.246773 0.285899 0.361356 0.492797 0.152565 0.151859 0.238650 0.245931 0.383003 0.260854 0.326995 0.337991 0.458697 0.122967 0.134056 0.249123 0.223486 0.283685 0.145097
 23500.000000 0.151766 0.245406 0.235629 0.371664 0.470759 0.445732 0.467646 0.542312 0.654659 0.123584 0.133086 0.238539 0.350490 0.329135 0.383622 0.412906 0.537570 0.225320 0.269411 0.385142 0.356546 0.439533 0.402102 0.526196 0.144931 0.245510 0.241946 0.283150 0.352050 0.479930 0.152794 0.151641 0.239873 0.239454 0.378922 0.259686 0.323859 0.332391 0.464437 0.123725 0.133780 0.247081 0.227879 0.287599 0.144810
 24000.000000 0.152250 0.240119 0.244681 0.383268 0.449341 0.483522 0.467761 0.609172 0.726748 0.122935 0.133585 0.247520 0.312722 0.371739 0.388983 0.487457 0.617166 0.223217 0.281775 0.312541 0.427880 0.472306 0.524642 0.664598 0.144779 0.241085 0.244824 0.261819 0.365564 0.488996 0.152174 0.152506 0.234465 0.244794 0.382996 0.251843 0.350284 0.286170 0.422015 0.122188 0.133724 0.247083 0.227724 0.288614 0.144796
 24500.000000 0.152283 0.237702 0.237192 0.377553 0.464880 0.444690 0.545708 0.446652 0.564915 0.122939 0.133019 0.247132 0.363176 0.316419 0.428638 0.319252 0.450823 0.230196 0.294109 0.433738 0.333843 0.454793 0.293210 0.411807 0.144810 0.236138 0.242918 0.338007 0.300722 0.440083 0.152332 0.151905 0.237556 0.249094 0.386561 0.255362 0.277499 0.380459 0.503698 0.121778 0.134116 0.248648 0.220184 0.278119 0.144655
 25000.000000 0.151977 0.244266 0.243518 0.380995 0.436745 0.486432 0.482109 0.609575 0.727383 0.123681 0.133109 0.245324 0.316410 0.369092 0.394588 0.480821 0.608316 0.220438 0.273498 0.340896 0.411196 0.462170 0.498784 0.632971 0.145334 0.237733 0.245896 0.268235 0.368058 0.490495 0.152535 0.152555 0.238889 0.246627 0.384334 0.247932 0.338814 0.314073 0.449789 0.122707 0.133634 0.246880 0.221434 0.277375 0.144907
