#! FIELDS time phi psi
#! SET min_phi -pi
#! SET max_phi pi
#! SET min_psi -pi
#! SET max_psi pi
 0.000000 1.157159 0.131158
 500.000000 1.223209 -0.818861
 1000.000000 1.044192 -1.045698
 1500.000000 1.022883 -0.742586
 2000.000000 1.199169 -1.195391
 2500.000000 1.080633 -1.253378
 3000.000000 0.882173 -0.892318
 3500.000000 1.174546 -1.134990
 4000.000000 1.052143 -0.445426
 4500.000000 0.802909 -0.744143
 5000.000000 1.142177 -0.778422
 5500.000000 1.137136 -0.476672
 6000.000000 1.115889 -0.769863
 6500.000000 1.280835 -0.914608
 7000.000000 1.047747 -0.304089
 7500.000000 0.692268 -1.100132
 8000.000000 0.769286 -0.783228
 8500.000000 1.081559 -0.753972
 9000.000000 1.122931 -0.759262
 9500.000000 1.080394 -0.205299
 10000.000000 0.889877 -0.419460
 10500.000000 1.022517 -0.889334
 11000.000000 0.954092 -0.752817
 11500.000000 1.284805 -0.900528
 12000.000000 1.129048 -0.522770
 12500.000000 1.219090 -1.201077
 13000.000000 1.260174 -0.897983
 13500.000000 1.215665 -0.893651
 14000.000000 0.991589 -0.783953
 14500.000000 1.079011 -1.001462
 15000.000000 1.343615 -0.938403
 15500.000000 1.206070 -0.604096
 16000.000000 0.838920 -0.421660
 16500.000000 1.188539 -1.027078
 17000.000000 1.036110 -0.802476
 17500.000000 1.095389 -1.054450
 18000.000000 0.989533 -0.234141
 18500.000000 1.042979 -0.703628
 19000.000000 0.889245 -1.055856
 19500.000000 0.907604 -1.279798
 20000.000000 1.241883 -0.934741
 20500.000000 0.852184 -0.369674
 21000.000000 0.956358 -0.742772
 21500.000000 1.146150 -1.265529
 22000.000000 0.996221 -0.945494
 22500.000000 0.891718 -0.945810
 23000.000000 0.918430 -0.338401
 23500.000000 1.009739 -0.195396
 24000.000000 0.898217 -0.554685
 24500.000000 1.240228 -0.639200
 25000.000000 1.211711 -0.690425
