#! FIELDS time d1 d2 d3 d4 d5 d6 d7 d8 d9 d10 d11 d12 d13 d14 d15 d16 d17 d18 d19 d20 d21 d22 d23 d24 d25 d26 d27 d28 d29 d30 d31 d32 d33 d34 d35 d36 d37 d38 d39 d40 d41 d42 d43 d44 d45
 0.000000 0.152529 0.234235 0.247154 0.383275 0.438544 0.464190 0.579090 0.436736 0.553810 0.123106 0.133109 0.244976 0.304526 0.317932 0.429041 0.308624 0.437415 0.226356 0.283058 0.305370 0.317317 0.410623 0.307444 0.418056 0.144655 0.246621 0.252866 0.364277 0.276118 0.419245 0.153092 0.152171 0.238271 0.242458 0.381970 0.248630 0.281674 0.358018 0.486461 0.122609 0.133993 0.248373 0.227088 0.288652 0.145069
 500.000000 0.151941 0.241307 0.242211 0.384109 0.457989 0.462265 0.570132 0.449722 0.561387 0.123325 0.133679 0.254279 0.325137 0.325117 0.440611 0.312586 0.437526 0.224452 0.295027 0.327590 0.335893 0.458627 0.286449 0.401350 0.144755 0.252238 0.247101 0.346370 0.289865 0.425856 0.153108 0.152122 0.235172 0.245784 0.383295 0.253114 0.322844 0.325776 0.460262 0.122780 0.133615 0.246621 0.226676 0.286197 0.144447
 1000.000000 0.152401 0.238525 0.240950 0.380754 0.467813 0.444883 0.542488 0.443289 0.549958 0.122385 0.133757 0.249972 0.326278 0.314593 0.425282 0.312671 0.435447 0.227651 0.294279 0.331465 0.327764 0.448860 0.281050 0.389176 0.144599 0.252575 0.248865 0.343514 0.303691 0.441408 0.152161 0.151819 0.238418 0.246676 0.387006 0.248153 0.331056 0.310306 0.444021 0.123556 0.133289 0.251926 0.223271 0.289339 0.144682
 1500.000000 0.152493 0.244698 0.237339 0.379302 0.459356 0.457160 0.565578 0.439288 0.542126 0.123146 0.133229 0.254271 0.320783 0.329644 0.447272 0.311336 0.431329 0.225355 0.298803 0.325117 0.342599 0.466413 0.287042 0.394320 0.144437 0.245133 0.255564 0.358483 0.292807 0.428627 0.152466 0.152516 0.240404 0.241359 0.381475 0.245835 0.321755 0.312099 0.449370 0.123859 0.133015 0.249139 0.227090 0.291213 0.145055
 2000.000000 0.152351 0.238399 0.239520 0.374198 0.456523 0.424542 0.515615 0.416094 0.510352 0.122626 0.133645 0.243760 0.307906 0.309547 0.416721 0.304337 0.424853 0.228915 0.288524 0.299007 0.339703 0.459975 0.295374 0.411486 0.145100 0.249802 0.246913 0.334857 0.300283 0.432196 0.152594 0.152434 0.236751 0.241392 0.379129 0.255180 0.342879 0.302303 0.441427 0.122715 0.133843 0.244039 0.229445 0.285566 0.145317
 2500.000000 0.152384 0.234030 0.238985 0.378198 0.449178 0.442805 0.529763 0.453754 0.559946 0.123454 0.133368 0.247489 0.310577 0.312034 0.415324 0.318619 0.439943 0.233705 0.300722 0.327907 0.333871 0.449777 0.290993 0.395850 0.144180 0.241704 0.247738 0.335376 0.309000 0.445359 0.153183 0.151598 0.238581 0.244133 0.384974 0.260555 0.353966 0.309396 0.447623 0.123032 0.133376 0.251322 0.224237 0.289610 0.145265
 3000.000000 0.152581 0.237447 0.236831 0.375878 0.454737 0.455997 0.556400 0.457539 0.571626 0.123248 0.133768 0.244428 0.327153 0.313114 0.422774 0.314142 0.439451 0.230369 0.289884 0.340322 0.322915 0.443313 0.280619 0.392083 0.144793 0.248058 0.258407 0.350348 0.316211 0.455299 0.152663 0.152437 0.235985 0.251329 0.392071 0.253458 0.328568 0.332476 0.468087 0.122483 0.133361 0.254057 0.220466 0.288799 0.145348
 3500.000000 0.151855 0.242868 0.239406 0.379160 0.445796 0.451687 0.545715 0.461442 0.587085 0.123471 0.133368 0.247083 0.308658 0.315824 0.422413 0.324741 0.460279 0.224958 0.283304 0.311475 0.313158 0.431930 0.274623 0.400547 0.144931 0.246554 0.249010 0.337304 0.312413 0.451595 0.152486 0.152332 0.236493 0.250960 0.384368 0.254167 0.342586 0.314886 0.443706 0.122866 0.133544 0.242442 0.221301 0.269232 0.145004
 4000.000000 0.152095 0.238646 0.242434 0.384150 0.434940 0.471679 0.589789 0.445361 0.569960 0.122070 0.133548 0.253358 0.304595 0.331400 0.451019 0.309634 0.440741 0.225029 0.296046 0.321573 0.332609 0.451977 0.277081 0.384627 0.144682 0.234224 0.257233 0.363891 0.287872 0.432798 0.153721 0.151835 0.235678 0.241381 0.378467 0.255253 0.313142 0.334322 0.455477 0.122760 0.132849 0.243936 0.227923 0.284452 0.145410
 4500.000000 0.151697 0.240154 0.241680 0.382055 0.466581 0.462628 0.558121 0.452401 0.548390 0.122890 0.134063 0.251488 0.335127 0.324100 0.431040 0.314240 0.428162 0.224600 0.292482 0.345786 0.329197 0.448425 0.278957 0.390268 0.144537 0.246587 0.260273 0.351781 0.306878 0.432821 0.152716 0.152895 0.236941 0.246619 0.377954 0.251577 0.329650 0.330734 0.469507 0.123102 0.132959 0.241160 0.223267 0.271448 0.144900
 5000.000000 0.153264 0.240487 0.242526 0.385520 0.451952 0.457405 0.565004 0.435860 0.543388 0.122180 0.133090 0.255605 0.309000 0.327104 0.443696 0.307763 0.430356 0.224431 0.300090 0.305943 0.346764 0.469802 0.293745 0.399517 0.145317 0.241251 0.249840 0.352155 0.286323 0.426517 0.152771 0.151687 0.239178 0.241404 0.383492 0.248149 0.330589 0.307602 0.439524 0.123081 0.133390 0.253008 0.226234 0.296068 0.145307
 5500.000000 0.151845 0.234627 0.240900 0.383923 0.450086 0.467343 0.582613 0.450880 0.578026 0.122837 0.134425 0.257880 0.324225 0.329803 0.449614 0.315176 0.449690 0.231043 0.311889 0.344550 0.353003 0.475083 0.309291 0.428079 0.144796 0.245532 0.249668 0.355698 0.286939 0.430141 0.152971 0.151974 0.235837 0.248020 0.382856 0.255844 0.316574 0.345158 0.470169 0.123041 0.132778 0.242312 0.222955 0.273152 0.144779
 6000.000000 0.152335 0.238506 0.241357 0.380527 0.445594 0.464182 0.569561 0.448019 0.569133 0.122968 0.133360 0.247566 0.316168 0.321765 0.434868 0.307443 0.438696 0.227407 0.289147 0.328611 0.325168 0.447389 0.270481 0.386255 0.144527 0.246128 0.254126 0.349063 0.296442 0.437887 0.152980 0.151539 0.235578 0.244168 0.382410 0.255458 0.330615 0.331151 0.461838 0.123032 0.134112 0.246765 0.227387 0.286035 0.145262
 6500.000000 0.152138 0.231989 0.242394 0.380066 0.453966 0.444689 0.546475 0.437512 0.552409 0.123454 0.133015 0.245654 0.308417 0.318801 0.431005 0.322839 0.455331 0.231119 0.292043 0.317008 0.336219 0.458855 0.303206 0.427143 0.145234 0.247520 0.248940 0.341906 0.306049 0.443408 0.152824 0.151572 0.235629 0.252212 0.387549 0.260240 0.339179 0.338851 0.471654 0.123527 0.133450 0.246203 0.220295 0.273881 0.144433
 7000.000000 0.152319 0.239011 0.244205 0.382306 0.434853 0.475389 0.592102 0.465622 0.589909 0.123325 0.133585 0.248123 0.312746 0.328107 0.446567 0.323915 0.456414 0.225553 0.286112 0.331474 0.320788 0.440376 0.286730 0.403437 0.144838 0.240002 0.260896 0.364309 0.304197 0.446897 0.152325 0.152647 0.234203 0.250675 0.390191 0.256355 0.306085 0.357565 0.489761 0.122727 0.133188 0.251408 0.223009 0.288343 0.145262
 7500.000000 0.152168 0.235773 0.244062 0.385042 0.457056 0.457871 0.537109 0.472360 0.593366 0.123394 0.132985 0.252004 0.324350 0.316981 0.410830 0.328602 0.458755 0.227568 0.297758 0.347703 0.317508 0.425527 0.277685 0.391681 0.145530 0.237365 0.257542 0.338098 0.320153 0.461243 0.152725 0.152430 0.231337 0.249834 0.386903 0.254931 0.344079 0.312704 0.444175 0.122744 0.133634 0.247599 0.226658 0.288203 0.144952
 8000.000000 0.152329 0.242017 0.239554 0.381598 0.454160 0.461768 0.565184 0.456251 0.571899 0.122801 0.133604 0.253703 0.326963 0.323255 0.436107 0.314689 0.441485 0.225827 0.297699 0.349246 0.324731 0.446194 0.269794 0.381509 0.144682 0.237842 0.257604 0.354589 0.305131 0.444870 0.152079 0.152201 0.235040 0.246686 0.385012 0.256080 0.328907 0.329154 0.464743 0.123146 0.133225 0.247016 0.226119 0.284868 0.145740
 8500.000000 0.151361 0.242425 0.236683 0.374980 0.435734 0.456825 0.564568 0.443858 0.554460 0.123798 0.132985 0.243306 0.296907 0.322566 0.437332 0.315300 0.442088 0.227026 0.280663 0.294880 0.323733 0.445705 0.280286 0.398703 0.145138 0.238636 0.261086 0.357365 0.308734 0.444388 0.152637 0.153085 0.236713 0.247685 0.385030 0.251764 0.328166 0.323595 0.460975 0.122008 0.133697 0.247683 0.224011 0.283995 0.144458
 9000.000000 0.152476 0.235996 0.245092 0.385027 0.454433 0.464011 0.574529 0.441295 0.564641 0.122845 0.134287 0.251179 0.319061 0.325237 0.442381 0.306026 0.438823 0.227539 0.294761 0.339251 0.327286 0.449415 0.264838 0.376650 0.144257 0.245424 0.252796 0.354945 0.290690 0.435037 0.153007 0.151341 0.240096 0.241518 0.378879 0.255849 0.331000 0.328713 0.452135 0.122874 0.134235 0.245522 0.225710 0.281260 0.145348
 9500.000000 0.152164 0.242328 0.239485 0.379091 0.423915 0.460293 0.580899 0.442029 0.567067 0.123081 0.133645 0.248853 0.299062 0.316718 0.437056 0.306845 0.440864 0.225508 0.289360 0.320354 0.307378 0.423021 0.267127 0.383627 0.144724 0.236349 0.250876 0.361083 0.288699 0.431861 0.153212 0.152558 0.236504 0.251821 0.388573 0.256581 0.310322 0.354460 0.484794 0.123020 0.133582 0.247651 0.221138 0.277462 0.145117
 10000.000000 0.151819 0.239587 0.239596 0.379861 0.459553 0.451028 0.570416 0.426569 0.529744 0.122560 0.134168 0.250669 0.327661 0.314994 0.436611 0.298821 0.421134 0.227794 0.294886 0.345255 0.319453 0.439577 0.271089 0.382909 0.144132 0.244661 0.252389 0.360253 0.292949 0.428146 0.152594 0.152230 0.236343 0.250186 0.388130 0.256474 0.308974 0.352170 0.490357 0.123215 0.133338 0.251891 0.222191 0.289805 0.144810
 10500.000000 0.152082 0.231920 0.250572 0.390859 0.456196 0.467839 0.578666 0.455795 0.574910 0.123361 0.134272 0.253854 0.318926 0.325125 0.441979 0.315927 0.445886 0.227053 0.297200 0.327451 0.331533 0.453763 0.278212 0.391620 0.144959 0.244698 0.253714 0.357021 0.300448 0.441945 0.152316 0.152046 0.242720 0.244438 0.382301 0.247932 0.329996 0.310094 0.438281 0.123301 0.132898 0.246146 0.220284 0.274844 0.144617
 11000.000000 0.152253 0.237584 0.241516 0.382480 0.460145 0.447787 0.556702 0.438161 0.549562 0.122935 0.133690 0.253397 0.323960 0.315262 0.432289 0.308833 0.436544 0.228267 0.302425 0.336834 0.333162 0.456731 0.288477 0.408110 0.144004 0.243514 0.247845 0.347979 0.298632 0.434767 0.152558 0.152781 0.233362 0.252773 0.386431 0.256920 0.324114 0.336437 0.469895 0.123572 0.133124 0.243477 0.223446 0.275712 0.144309
 11500.000000 0.152036 0.239454 0.238136 0.376699 0.441867 0.466460 0.575877 0.453026 0.575187 0.123081 0.133918 0.245823 0.309582 0.327099 0.443704 0.312688 0.443544 0.229598 0.288732 0.313920 0.336935 0.459935 0.283410 0.398088 0.144544 0.250178 0.255112 0.355678 0.295814 0.437023 0.152230 0.152614 0.243660 0.239835 0.378547 0.249562 0.330639 0.312927 0.440956 0.123211 0.133049 0.245155 0.224421 0.280075 0.144710
 12000.000000 0.152473 0.235255 0.245695 0.384514 0.436599 0.476067 0.591856 0.456365 0.563054 0.123325 0.132929 0.247974 0.303214 0.332409 0.450926 0.319920 0.442066 0.226718 0.289596 0.321164 0.330891 0.453161 0.282655 0.391087 0.144807 0.237733 0.261668 0.364448 0.299635 0.434426 0.152329 0.152640 0.237615 0.244365 0.385036 0.254187 0.318498 0.337553 0.478135 0.123020 0.133105 0.253720 0.226002 0.298600 0.145117
 12500.000000 0.152056 0.235111 0.241475 0.381934 0.445158 0.456584 0.537596 0.468757 0.570194 0.122237 0.133944 0.249281 0.308187 0.322924 0.420252 0.333338 0.451365 0.229685 0.294841 0.319770 0.338405 0.452042 0.303694 0.412921 0.145478 0.241756 0.251486 0.330746 0.314860 0.444445 0.152427 0.152174 0.235357 0.248179 0.385967 0.263141 0.355183 0.322616 0.464897 0.123045 0.133619 0.248584 0.224557 0.284777 0.145155
 13000.000000 0.152509 0.243421 0.237424 0.378757 0.441142 0.464169 0.566508 0.454089 0.569626 0.122886 0.133974 0.250731 0.310601 0.329093 0.442036 0.316326 0.444123 0.226879 0.292577 0.315978 0.341814 0.464380 0.291385 0.411006 0.144600 0.243331 0.252628 0.349201 0.294702 0.430165 0.152457 0.152447 0.241151 0.241611 0.377416 0.259790 0.343879 0.324929 0.460721 0.123604 0.133357 0.240871 0.225969 0.273980 0.144786
 13500.000000 0.151318 0.239360 0.242893 0.384840 0.454559 0.459157 0.561268 0.457592 0.573367 0.123232 0.134134 0.256365 0.324507 0.322766 0.434876 0.319876 0.447532 0.225526 0.300448 0.334456 0.335267 0.457455 0.291662 0.407758 0.144260 0.248542 0.242961 0.338510 0.294600 0.432954 0.153042 0.151924 0.233979 0.250396 0.389042 0.258304 0.334230 0.331816 0.467373 0.123292 0.133248 0.249518 0.223602 0.284735 0.145726
 14000.000000 0.152751 0.234036 0.246664 0.386639 0.450734 0.472069 0.575101 0.475085 0.607455 0.122254 0.133694 0.251307 0.317575 0.327576 0.438338 0.332778 0.470909 0.226949 0.295068 0.331065 0.331482 0.452528 0.294260 0.416928 0.144516 0.243528 0.258019 0.351132 0.316191 0.460640 0.152686 0.151819 0.234544 0.253428 0.388340 0.247378 0.325935 0.326241 0.446664 0.122988 0.133750 0.247186 0.219884 0.276975 0.145155
 14500.000000 0.152938 0.238390 0.243366 0.383068 0.442113 0.471009 0.574744 0.474237 0.598640 0.122303 0.132714 0.247905 0.313939 0.325566 0.436625 0.328221 0.460428 0.224920 0.286655 0.331050 0.321106 0.441222 0.276281 0.393220 0.145650 0.242922 0.258840 0.352579 0.315465 0.456912 0.152319 0.152230 0.237617 0.248000 0.386721 0.256244 0.335588 0.323804 0.455418 0.122319 0.134186 0.249437 0.222957 0.282979 0.145276
 15000.000000 0.151901 0.242949 0.240379 0.378605 0.428409 0.472988 0.576463 0.466448 0.587856 0.122809 0.133282 0.248721 0.304411 0.330448 0.442051 0.320546 0.449538 0.221047 0.279896 0.295591 0.331828 0.454028 0.285037 0.402927 0.145265 0.245557 0.253345 0.346591 0.297089 0.436238 0.152283 0.152348 0.236738 0.241793 0.381521 0.255182 0.335957 0.316616 0.450779 0.123000 0.133873 0.247855 0.229532 0.291652 0.145265
 15500.000000 0.151519 0.235147 0.244624 0.379984 0.424755 0.469193 0.588371 0.457840 0.588021 0.122736 0.133690 0.247212 0.304278 0.322189 0.443231 0.313638 0.450695 0.226374 0.287378 0.316994 0.320365 0.441178 0.275792 0.401405 0.144489 0.242920 0.252486 0.360229 0.295966 0.436693 0.152201 0.152728 0.239916 0.249682 0.383390 0.255380 0.320001 0.339597 0.468893 0.123069 0.132925 0.240803 0.219046 0.263158 0.145427
 16000.000000 0.152584 0.239668 0.238430 0.380054 0.436445 0.476896 0.589530 0.465426 0.595356 0.122813 0.132985 0.253860 0.325543 0.330899 0.448025 0.316097 0.450157 0.227609 0.301745 0.358604 0.331513 0.453538 0.275082 0.390694 0.144817 0.239844 0.260805 0.361222 0.300013 0.443222 0.152122 0.151720 0.230393 0.246292 0.381746 0.250755 0.300543 0.341738 0.467163 0.122450 0.133966 0.243313 0.229619 0.284919 0.144561
 16500.000000 0.152026 0.242411 0.232785 0.374659 0.444672 0.449077 0.552842 0.444861 0.557597 0.123203 0.132895 0.249281 0.307521 0.320889 0.435575 0.312207 0.436896 0.229709 0.296961 0.313582 0.338415 0.461030 0.286227 0.393407 0.144741 0.244414 0.249978 0.348323 0.297500 0.436698 0.151914 0.152804 0.239539 0.242582 0.383125 0.252339 0.334970 0.305208 0.437048 0.123069 0.133308 0.250711 0.226038 0.292585 0.144399
 17000.000000 0.151727 0.240206 0.240502 0.382378 0.447608 0.455644 0.562605 0.438840 0.551339 0.123313 0.132981 0.252329 0.310145 0.323181 0.438759 0.308391 0.434959 0.225827 0.294839 0.317374 0.331807 0.455081 0.276773 0.387537 0.145540 0.238390 0.253420 0.352308 0.295454 0.435662 0.152866 0.151479 0.235400 0.243600 0.383013 0.256043 0.332820 0.321647 0.454870 0.123430 0.133757 0.249000 0.228578 0.292181 0.144783
 17500.000000 0.153065 0.232616 0.244209 0.380592 0.456260 0.434265 0.541635 0.420962 0.522780 0.122021 0.133255 0.247263 0.307701 0.310952 0.428482 0.302301 0.426575 0.229094 0.293650 0.310775 0.327857 0.450744 0.274534 0.386871 0.144381 0.244641 0.247148 0.350009 0.297121 0.433646 0.152928 0.152342 0.242392 0.243658 0.382137 0.252688 0.336887 0.304181 0.440625 0.123523 0.133585 0.246083 0.222182 0.276787 0.145362
 18000.000000 0.151727 0.235548 0.243463 0.384285 0.449010 0.461580 0.584593 0.421247 0.538945 0.122858 0.133750 0.251567 0.316131 0.320944 0.442545 0.292178 0.422084 0.227888 0.296108 0.329644 0.326550 0.439861 0.275902 0.385472 0.144931 0.242202 0.253854 0.367370 0.276964 0.420868 0.152607 0.152352 0.241309 0.241185 0.379322 0.252875 0.303594 0.345049 0.472703 0.123891 0.133120 0.243832 0.226199 0.279272 0.145420
 18500.000000 0.152151 0.243518 0.233585 0.376759 0.449061 0.460767 0.565067 0.455693 0.581740 0.123276 0.133394 0.254010 0.326634 0.325269 0.439082 0.316617 0.450097 0.228917 0.302988 0.348013 0.337540 0.458687 0.288931 0.407193 0.144669 0.246004 0.252622 0.351399 0.299022 0.441286 0.153033 0.152673 0.238290 0.250030 0.386267 0.257973 0.332381 0.340999 0.468966 0.122135 0.133754 0.245721 0.219729 0.272987 0.145014
 19000.000000 0.152329 0.235228 0.243430 0.384849 0.438139 0.466877 0.574412 0.472091 0.594900 0.123191 0.133364 0.252873 0.310956 0.321468 0.435574 0.323558 0.453071 0.228976 0.301385 0.339326 0.320322 0.438818 0.271363 0.379413 0.144972 0.237011 0.255073 0.355585 0.310828 0.452891 0.152640 0.152247 0.241350 0.246132 0.385356 0.248419 0.336317 0.297909 0.427972 0.123276 0.133319 0.249848 0.220261 0.280302 0.145003
 19500.000000 0.151766 0.241630 0.242704 0.378436 0.476399 0.435131 0.514574 0.452755 0.566817 0.122890 0.133387 0.246793 0.332290 0.309176 0.407216 0.325008 0.454384 0.222598 0.283226 0.326865 0.316945 0.432612 0.285191 0.405900 0.144592 0.254718 0.252298 0.333396 0.320397 0.459549 0.153291 0.152621 0.233165 0.249145 0.386168 0.249020 0.334422 0.303531 0.433680 0.123179 0.133522 0.246951 0.226674 0.285801 0.145041
 20000.000000 0.152191 0.237779 0.245237 0.385677 0.455707 0.458313 0.561272 0.441204 0.539173 0.122658 0.132887 0.251708 0.314380 0.327544 0.440302 0.314218 0.433158 0.223620 0.291479 0.316016 0.341883 0.464436 0.291297 0.404686 0.144714 0.243664 0.250555 0.346677 0.292448 0.422839 0.152899 0.151803 0.237514 0.240479 0.377247 0.262004 0.340648 0.325248 0.465559 0.123227 0.133828 0.244137 0.229471 0.286206 0.144793
 20500.000000 0.152200 0.240902 0.238010 0.377880 0.447727 0.464668 0.578538 0.446243 0.568018 0.123260 0.133544 0.247136 0.320409 0.323390 0.441426 0.310799 0.441604 0.228357 0.289719 0.340478 0.323132 0.445695 0.277987 0.389344 0.144631 0.239077 0.262620 0.362429 0.303806 0.447426 0.152598 0.151766 0.232157 0.246982 0.386034 0.254454 0.307521 0.350922 0.478951 0.123313 0.133315 0.249457 0.227326 0.292713 0.144852
 21000.000000 0.152122 0.237813 0.244131 0.380769 0.465416 0.453861 0.560059 0.441672 0.546773 0.123118 0.133555 0.247415 0.325135 0.322678 0.436450 0.318555 0.443543 0.226104 0.289016 0.333183 0.333612 0.456124 0.294932 0.413137 0.144142 0.244008 0.259257 0.353624 0.310216 0.446122 0.153144 0.152457 0.232213 0.249104 0.387453 0.258174 0.319778 0.342984 0.481411 0.122947 0.132657 0.249341 0.225517 0.289998 0.145688
 21500.000000 0.152463 0.239159 0.238479 0.379017 0.438271 0.455805 0.549804 0.465341 0.582632 0.122246 0.133375 0.247978 0.304378 0.317423 0.423732 0.321053 0.447715 0.228169 0.291364 0.311252 0.325621 0.441666 0.279748 0.390836 0.145114 0.242580 0.250364 0.342958 0.308243 0.446609 0.152535 0.152072 0.244397 0.241044 0.380008 0.254073 0.353057 0.293627 0.427342 0.122678 0.133154 0.246727 0.220930 0.277056 0.144631
 22000.000000 0.152299 0.235945 0.238428 0.379439 0.472011 0.443752 0.550009 0.441366 0.567997 0.123487 0.133098 0.251016 0.333786 0.315941 0.431807 0.314304 0.450144 0.231633 0.301970 0.357066 0.329409 0.451885 0.280624 0.397587 0.145650 0.252907 0.251022 0.350380 0.306209 0.450818 0.152335 0.151928 0.235521 0.250491 0.386079 0.254562 0.320811 0.330530 0.449590 0.122955 0.134521 0.248695 0.223029 0.280932 0.145221
 22500.000000 0.152161 0.242689 0.238726 0.379001 0.468536 0.441838 0.545986 0.432677 0.510663 0.123422 0.133255 0.252509 0.328087 0.315788 0.430799 0.304155 0.407095 0.225796 0.295313 0.335532 0.320966 0.442322 0.261830 0.354177 0.145086 0.249155 0.251768 0.352280 0.297851 0.421038 0.152971 0.152738 0.238388 0.243953 0.379709 0.247720 0.323006 0.306237 0.448842 0.122336 0.133656 0.247115 0.224967 0.289948 0.144589
 23000.000000 0.152319 0.238071 0.234235 0.376628 0.437759 0.453505 0.571221 0.428362 0.552532 0.122397 0.133638 0.250966 0.307964 0.317014 0.437722 0.298028 0.431382 0.232254 0.303778 0.327709 0.331791 0.451779 0.283383 0.397161 0.145090 0.236138 0.253718 0.360658 0.289506 0.433877 0.152256 0.152480 0.236197 0.248357 0.384752 0.252416 0.314256 0.341355 0.467690 0.122462 0.133120 0.244532 0.222688 0.276002 0.145331
 23500.000000 0.152860 0.234363 0.244892 0.382128 0.432516 0.477500 0.592859 0.456743 0.584130 0.122597 0.133334 0.245524 0.305820 0.329287 0.446520 0.316569 0.452104 0.228066 0.288593 0.334951 0.322373 0.443574 0.277233 0.395457 0.144824 0.238055 0.264783 0.365357 0.297997 0.441357 0.152545 0.151770 0.232435 0.242467 0.379571 0.250032 0.301447 0.348244 0.477378 0.122727 0.133214 0.243692 0.228552 0.284651 0.145375
 24000.000000 0.152115 0.237910 0.238824 0.378641 0.444006 0.450103 0.563529 0.421721 0.543733 0.123475 0.132853 0.249371 0.306376 0.319234 0.439088 0.298374 0.432095 0.229700 0.298017 0.321232 0.332959 0.456296 0.278412 0.393070 0.145224 0.232013 0.257142 0.361967 0.293341 0.437989 0.152329 0.152381 0.239629 0.243994 0.380486 0.258318 0.332593 0.334916 0.461044 0.123669 0.132473 0.242491 0.224109 0.275561 0.145454
 24500.000000 0.151921 0.228215 0.249722 0.386577 0.459515 0.459782 0.577482 0.428194 0.546419 0.123167 0.133150 0.248028 0.313723 0.329132 0.448875 0.314887 0.447609 0.226758 0.288205 0.324792 0.335222 0.455918 0.289610 0.403770 0.145454 0.245416 0.256556 0.362808 0.294348 0.438133 0.152643 0.152270 0.240921 0.244475 0.382021 0.260757 0.324449 0.346093 0.471075 0.122299 0.134097 0.246670 0.222753 0.278659 0.144789
 25000.000000 0.152879 0.236835 0.242103 0.379270 0.448266 0.463439 0.572787 0.438789 0.541934 0.122454 0.133364 0.243742 0.307886 0.328445 0.445022 0.313515 0.436097 0.227528 0.283282 0.320120 0.330592 0.453799 0.281060 0.391426 0.144520 0.243216 0.260365 0.360182 0.298439 0.433381 0.152742 0.152532 0.243066 0.241797 0.382493 0.258538 0.336198 0.338948 0.478440 0.123406 0.133596 0.252010 0.223233 0.288652 0.144917
