#! FIELDS time phi psi
#! SET min_phi -pi
#! SET max_phi pi
#! SET min_psi -pi
#! SET max_psi pi
 0.000000 -1.257768 2.877951
 500.000000 -2.725345 2.871010
 1000.000000 -1.054798 1.506241
 1500.000000 -1.106141 1.135045
 2000.000000 -1.510138 1.389229
 2500.000000 -1.382028 0.625203
 3000.000000 -1.974793 0.993466
 3500.000000 -1.517883 1.001356
 4000.000000 -2.390696 2.611107
 4500.000000 -1.408036 0.604783
 5000.000000 -2.434795 2.906945
 5500.000000 -1.264557 0.716764
 6000.000000 -2.375197 2.964738
 6500.000000 -2.374650 2.559802
 7000.000000 -1.582006 0.851486
 7500.000000 -1.332366 1.166661
 8000.000000 -1.378109 0.858859
 8500.000000 -2.325043 3.056241
 9000.000000 -2.591751 -3.137884
 9500.000000 -1.210861 0.961112
 10000.000000 -2.644455 2.933599
 10500.000000 -1.393984 1.151731
 11000.000000 -0.966025 0.675448
 11500.000000 -2.078189 2.337175
 12000.000000 -2.737694 2.547169
 12500.000000 -1.498881 0.296822
 13000.000000 -1.481890 0.639181
 13500.000000 -2.449494 3.093544
 14000.000000 -2.574542 2.226699
 14500.000000 -2.589014 2.520988
 15000.000000 -2.619565 2.219707
 15500.000000 -1.420133 1.297465
 16000.000000 -2.734021 3.031556
 16500.000000 -2.539128 2.873170
 17000.000000 -1.394540 1.153501
 17500.000000 -1.314002 2.331225
 18000.000000 -2.713227 3.098003
 18500.000000 -2.196061 1.993263
 19000.000000 -1.224011 0.694861
 19500.000000 -1.634445 2.043332
 20000.000000 -1.559714 2.359713
 20500.000000 -1.828037 2.829250
 21000.000000 -1.817090 1.057352
 21500.000000 -1.330654 1.177941
 22000.000000 -1.338607 1.500827
 22500.000000 -1.279006 0.688441
 23000.000000 -1.013822 2.496985
 23500.000000 -1.799102 2.454317
 24000.000000 -2.831802 -2.841583
 24500.000000 -1.342769 1.094584
 25000.000000 -2.702964 2.883643
